1.800000000000000044e+00
1.899999999999999911e+00
2.479999999999999982e+00
2.000000000000000000e+00
1.650000000000000133e+00
1.350000000000000089e+00
1.760000000000000009e+00
1.820000000000000062e+00
1.100000000000000089e+00
1.609999999999999876e+00
2.229999999999999982e+00
2.270000000000000018e+00
3.080000000000000071e+00
1.860000000000000098e+00
2.649999999999999911e+00
3.080000000000000071e+00
3.410000000000000142e+00
4.190000000000000391e+00
2.549999999999999822e+00
1.500000000000000000e+00
3.190000000000000391e+00
3.399999999999999911e+00
1.050000000000000044e+00
2.200000000000000178e+00
1.419999999999999929e+00
2.360000000000000320e+00
1.990000000000000213e+00
2.161999999999999922e+00
6.300000000000000044e-01
2.850000000000000089e+00
2.419999999999999929e+00
2.100000000000000089e+00
2.980000000000000426e+00
1.410000000000000142e+00
1.650000000000000133e+00
1.909999999999999920e+00
1.469999999999999973e+00
1.840000000000000080e+00
1.000000000000000000e+00
1.950000000000000178e+00
1.010000000000000009e+00
1.270000000000000018e+00
1.350000000000000089e+00
2.669999999999999929e+00
1.510000000000000009e+00
3.080000000000000071e+00
1.739999999999999991e+00
8.100000000000000533e-01
1.449999999999999956e+00
2.000000000000000000e+00
9.099999999999999201e-01
1.669999999999999929e+00
1.449999999999999956e+00
1.660000000000000142e+00
1.330000000000000071e+00
1.629999999999999893e+00
1.450000000000000178e+00
1.560000000000000053e+00
1.640000000000000124e+00
2.339999999999999858e+00
1.869999999999999885e+00
1.939999999999999947e+00
3.520000000000000018e+00
1.439999999999999947e+00
1.959999999999999964e+00
1.669999999999999929e+00
2.770000000000000018e+00
2.840000000000000302e+00
1.479999999999999982e+00
1.780000000000000027e+00
1.660000000000000142e+00
2.169999999999999929e+00
2.149999999999999911e+00
1.500000000000000000e+00
2.399999999999999911e+00
2.219999999999999751e+00
2.700000000000000178e+00
2.200000000000000178e+00
7.399999999999999911e-01
1.300000000000000044e+00
1.200000000000000178e+00
1.529999999999999805e+00
1.240000000000000213e+00
3.339999999999999858e+00
1.640000000000000124e+00
3.269999999999999574e+00
1.564999999999999947e+00
2.900000000000000355e+00
1.350000000000000089e+00
1.046999999999999931e+00
2.259999999999999787e+00
1.449999999999999956e+00
2.419999999999999929e+00
9.779999999999999805e-01
2.500000000000000000e+00
1.810000000000000053e+00
1.394399999999999862e+00
1.525800000000000045e+00
2.620000000000000107e+00
2.116999999999999993e+00
1.294999999999999929e+00
1.265899999999999803e+00
1.253000000000000114e+00
2.334999999999999964e+00
8.299999999999999600e-01
1.450200000000000156e+00
1.783099999999999907e+00
1.156000000000000139e+00
1.160000000000000142e+00
7.969999999999999307e-01
2.390900000000000247e+00
1.629999999999999893e+00
1.809000000000000163e+00
1.407000000000000028e+00
1.577699999999999880e+00
1.096400000000000041e+00
1.355799999999999894e+00
1.217799999999999994e+00
1.651200000000000001e+00
1.630300000000000082e+00
1.979999999999999982e+00
1.429999999999999938e+00
7.500000000000000000e-01
1.709999999999999964e+00
1.570000000000000062e+00
7.900000000000000355e-01
1.290000000000000036e+00
2.299999999999999822e+00
1.520000000000000018e+00
2.790000000000000036e+00
1.899999999999999911e+00
1.410000000000000142e+00
2.860000000000000320e+00
1.459999999999999964e+00
1.340000000000000080e+00
1.750000000000000000e+00
1.530000000000000027e+00
2.229999999999999982e+00
9.099999999999999201e-01
2.570000000000000284e+00
2.169999999999999929e+00
1.989999999999999769e+00
2.990000000000000213e+00
1.719999999999999751e+00
1.919999999999999929e+00
2.080000000000000071e+00
1.430000000000000160e+00
1.609999999999999876e+00
1.030000000000000027e+00
2.229999999999999982e+00
2.250000000000000000e+00
2.089999999999999858e+00
1.729999999999999982e+00
1.020000000000000018e+00
2.430000000000000160e+00
3.330000000000000071e+00
2.750000000000000000e+00
2.429999999999999716e+00
1.419999999999999929e+00
1.270000000000000018e+00
3.110000000000000320e+00
1.529999999999999805e+00
2.040000000000000036e+00
1.469999999999999973e+00
1.709999999999999964e+00
2.099999999999999645e+00
2.160000000000000142e+00
1.669999999999999929e+00
1.780000000000000027e+00
1.470000000000000195e+00
1.529999999999999805e+00
1.750000000000000000e+00
2.179999999999999716e+00
1.140000000000000124e+00
7.199999999999999734e-01
9.400000000000000577e-01
1.949999999999999956e+00
1.550000000000000044e+00
7.800000000000000266e-01
1.820000000000000062e+00
1.508999999999999897e+00
1.379999999999999893e+00
1.609999999999999876e+00
6.899999999999999467e-01
1.790000000000000036e+00
6.699999999999999289e-01
1.650000000000000133e+00
2.359999999999999876e+00
1.510000000000000009e+00
7.900000000000000355e-01
9.099999999999999201e-01
1.010000000000000009e+00
1.560000000000000053e+00
1.100000000000000089e+00
1.699999999999999956e+00
6.520999999999999019e-01
1.722199999999999953e+00
3.870000000000000107e+00
1.910000000000000142e+00
1.580000000000000071e+00
1.191200000000000037e+00
3.169999999999999929e+00
1.090000000000000080e+00
1.969999999999999973e+00
2.759999999999999787e+00
9.899999999999999911e-01
6.479999999999999094e-01
1.934900000000000064e+00
2.740999999999999659e+00
1.335999999999999854e+00
1.741999999999999993e+00
1.274999999999999911e+00
1.020000000000000018e+00
1.451000000000000068e+00
1.168800000000000061e+00
1.710999999999999854e+00
1.859299999999999953e+00
2.594199999999999839e+00
1.209200000000000053e+00
3.093900000000000095e+00
2.013399999999999856e+00
1.370000000000000107e+00
5.724000000000000199e-01
2.390000000000000124e+00
1.569999999999999840e+00
2.060000000000000053e+00
2.200000000000000178e+00
1.890000000000000124e+00
1.219999999999999973e+00
8.699999999999999956e-01
1.390000000000000124e+00
1.310000000000000053e+00
9.499999999999999556e-01
9.799999999999999822e-01
1.529999999999999805e+00
1.419999999999999929e+00
1.550000000000000044e+00
2.379999999999999893e+00
2.549999999999999822e+00
1.510000000000000009e+00
1.449999999999999956e+00
2.709999999999999964e+00
1.949999999999999956e+00
1.979999999999999982e+00
7.900000000000000355e-01
1.199999999999999956e+00
1.120000000000000107e+00
1.629999999999999893e+00
1.960000000000000187e+00
1.199999999999999956e+00
1.989999999999999991e+00
1.209999999999999964e+00
1.398699999999999832e+00
1.493599999999999817e+00
2.338600000000000012e+00
2.092999999999999972e+00
2.668000000000000149e+00
1.982499999999999929e+00
2.359999999999999876e+00
1.054000000000000048e+00
1.859999999999999876e+00
1.399999999999999911e+00
1.380000000000000115e+00
