2.000000000000000111e-01
2.999999999999999889e-01
2.000000000000000111e-01
2.000000000000000111e-01
2.000000000000000111e-01
2.000000000000000111e-01
2.000000000000000111e-01
2.000000000000000111e-01
2.000000000000000111e-01
4.099999999999999756e-01
2.999999999999999889e-01
2.800000000000000266e-01
2.600000000000000089e-01
3.300000000000000155e-01
4.099999999999999756e-01
3.800000000000000044e-01
3.900000000000000133e-01
3.200000000000000067e-01
2.600000000000000089e-01
2.800000000000000266e-01
2.999999999999999889e-01
2.899999999999999800e-01
2.700000000000000178e-01
4.600000000000000200e-01
2.300000000000000100e-01
4.299999999999999933e-01
1.400000000000000133e-01
2.399999999999999911e-01
2.099999999999999922e-01
4.400000000000000022e-01
3.599999999999999867e-01
2.800000000000000266e-01
3.400000000000000244e-01
2.899999999999999800e-01
2.500000000000000000e-01
2.800000000000000266e-01
1.799999999999999933e-01
3.200000000000000067e-01
1.000000000000000056e-01
2.600000000000000089e-01
1.600000000000000033e-01
2.200000000000000011e-01
1.400000000000000133e-01
2.200000000000000011e-01
1.900000000000000022e-01
2.700000000000000178e-01
2.500000000000000000e-01
1.700000000000000122e-01
2.600000000000000089e-01
2.899999999999999800e-01
2.899999999999999800e-01
5.999999999999999778e-01
2.999999999999999889e-01
2.700000000000000178e-01
1.799999999999999933e-01
2.999999999999999889e-01
1.499999999999999944e-01
1.600000000000000033e-01
2.200000000000000011e-01
2.899999999999999800e-01
2.500000000000000000e-01
1.900000000000000022e-01
5.999999999999999778e-01
1.900000000000000022e-01
1.700000000000000122e-01
1.000000000000000056e-01
3.900000000000000133e-01
2.600000000000000089e-01
1.000000000000000056e-01
2.800000000000000266e-01
2.300000000000000100e-01
1.300000000000000044e-01
1.600000000000000033e-01
2.800000000000000266e-01
3.099999999999999978e-01
2.999999999999999889e-01
2.800000000000000266e-01
2.700000000000000178e-01
8.000000000000000167e-02
1.000000000000000056e-01
2.000000000000000111e-01
2.099999999999999922e-01
2.399999999999999911e-01
4.000000000000000222e-01
2.500000000000000000e-01
2.999999999999999889e-01
2.800000000000000266e-01
3.300000000000000155e-01
1.900000000000000022e-01
1.370000000000000107e-01
2.700000000000000178e-01
3.300000000000000155e-01
4.600000000000000200e-01
2.660000000000000142e-01
4.400000000000000022e-01
4.299999999999999933e-01
2.349999999999999867e-01
3.820000000000000062e-01
2.000000000000000111e-01
1.570000000000000007e-01
1.749999999999999889e-01
3.659000000000000030e-01
3.810000000000000053e-01
3.140000000000000013e-01
8.000000000000000167e-02
2.162000000000000033e-01
2.131000000000000116e-01
1.653000000000000025e-01
2.200000000000000011e-01
1.300000000000000044e-01
3.468999999999999861e-01
2.800000000000000266e-01
2.899999999999999800e-01
1.900000000000000022e-01
3.892999999999999794e-01
2.265000000000000069e-01
2.567999999999999727e-01
2.109999999999999931e-01
1.973999999999999921e-01
2.432999999999999885e-01
2.099999999999999922e-01
2.099999999999999922e-01
1.799999999999999933e-01
2.500000000000000000e-01
2.000000000000000111e-01
2.000000000000000111e-01
2.300000000000000100e-01
3.099999999999999978e-01
1.400000000000000133e-01
3.599999999999999867e-01
2.200000000000000011e-01
2.600000000000000089e-01
2.500000000000000000e-01
2.000000000000000111e-01
2.800000000000000266e-01
2.000000000000000111e-01
3.900000000000000133e-01
2.999999999999999889e-01
2.000000000000000111e-01
2.999999999999999889e-01
3.900000000000000133e-01
2.600000000000000089e-01
2.899999999999999800e-01
1.799999999999999933e-01
4.099999999999999756e-01
2.600000000000000089e-01
1.700000000000000122e-01
2.800000000000000266e-01
1.700000000000000122e-01
4.000000000000000222e-01
2.800000000000000266e-01
4.299999999999999933e-01
2.399999999999999911e-01
1.100000000000000006e-01
3.300000000000000155e-01
1.799999999999999933e-01
3.200000000000000067e-01
2.399999999999999911e-01
2.800000000000000266e-01
2.300000000000000100e-01
2.899999999999999800e-01
2.700000000000000178e-01
2.800000000000000266e-01
1.499999999999999944e-01
4.000000000000000222e-01
4.799999999999999822e-01
2.899999999999999800e-01
2.000000000000000111e-01
1.700000000000000122e-01
1.100000000000000006e-01
2.999999999999999889e-01
2.500000000000000000e-01
2.000000000000000111e-01
1.199999999999999956e-01
1.199999999999999956e-01
1.600000000000000033e-01
1.900000000000000022e-01
3.400000000000000244e-01
1.000000000000000056e-01
3.300000000000000155e-01
4.099999999999999756e-01
1.499999999999999944e-01
3.200000000000000067e-01
1.199999999999999956e-01
1.300000000000000044e-01
1.199999999999999956e-01
3.099999999999999978e-01
3.099999999999999978e-01
2.099999999999999922e-01
1.000000000000000056e-01
1.300000000000000044e-01
1.400000000000000133e-01
4.799999999999999822e-01
3.400000000000000244e-01
2.300000000000000100e-01
1.930999999999999939e-01
2.837000000000000077e-01
2.500000000000000000e-01
1.799999999999999933e-01
1.900000000000000022e-01
2.139999999999999958e-01
2.999999999999999889e-01
2.899999999999999800e-01
2.600000000000000089e-01
3.699999999999999956e-01
7.000000000000000666e-02
1.900000000000000022e-01
2.368999999999999995e-01
3.430000000000000271e-01
2.700000000000000178e-01
3.340000000000000191e-01
1.789999999999999925e-01
3.200000000000000067e-01
2.399999999999999911e-01
2.979999999999999871e-01
2.240000000000000047e-01
3.856999999999999873e-01
3.652000000000000246e-01
1.471999999999999975e-01
2.979999999999999871e-01
3.904000000000000248e-01
2.600000000000000089e-01
8.759999999999999731e-02
2.200000000000000011e-01
3.699999999999999956e-01
3.300000000000000155e-01
2.099999999999999922e-01
1.900000000000000022e-01
2.399999999999999911e-01
4.500000000000000111e-01
2.600000000000000089e-01
1.199999999999999956e-01
2.600000000000000089e-01
1.799999999999999933e-01
2.899999999999999800e-01
1.700000000000000122e-01
2.099999999999999922e-01
2.899999999999999800e-01
2.899999999999999800e-01
1.600000000000000033e-01
8.999999999999999667e-02
2.399999999999999911e-01
2.399999999999999911e-01
2.899999999999999800e-01
1.100000000000000006e-01
2.399999999999999911e-01
2.000000000000000111e-01
1.900000000000000022e-01
3.400000000000000244e-01
3.099999999999999978e-01
3.699999999999999956e-01
1.799999999999999933e-01
5.090000000000000080e-01
1.895999999999999908e-01
3.476000000000000201e-01
1.459999999999999909e-01
1.600000000000000033e-01
4.359000000000000097e-01
2.300000000000000100e-01
2.560000000000000053e-01
1.499999999999999944e-01
2.500000000000000000e-01
2.700000000000000178e-01
